{
 "cells": [
  {
   "cell_type": "code",
   "id": "initial_id",
   "metadata": {
    "collapsed": true,
    "ExecuteTime": {
     "end_time": "2026-01-18T15:26:47.467170Z",
     "start_time": "2026-01-18T15:26:45.412681Z"
    }
   },
   "source": [
    "from os import fdopen\n",
    "\n",
    "import numpy, pandas"
   ],
   "outputs": [],
   "execution_count": 1
  },
  {
   "metadata": {
    "ExecuteTime": {
     "end_time": "2026-01-18T15:27:47.950877Z",
     "start_time": "2026-01-18T15:27:47.948678Z"
    }
   },
   "cell_type": "code",
   "source": [
    "pandas.set_option('display.max_rows', 500)\n",
    "pandas.set_option('display.max_columns', 500)\n",
    "pandas.set_option('display.width', 1000)"
   ],
   "id": "cbdb9bd6e7f19a56",
   "outputs": [],
   "execution_count": 2
  },
  {
   "metadata": {},
   "cell_type": "markdown",
   "source": "## Descriptive statistics",
   "id": "76f5de0569311ac6"
  },
  {
   "metadata": {},
   "cell_type": "markdown",
   "source": "### Numerical Summaries",
   "id": "481eb8e41dbcfabd"
  },
  {
   "metadata": {
    "ExecuteTime": {
     "end_time": "2026-01-18T15:57:05.380216Z",
     "start_time": "2026-01-18T15:57:05.144132Z"
    }
   },
   "cell_type": "code",
   "source": [
    "filename='https://raw.githubusercontent.com/nthanhtin/forestfires/refs/heads/master/forestfires.csv'\n",
    "names = ['X', 'Y', 'month', 'day', 'FFMC', 'DMC', 'DC', 'ISI', 'temp', 'RH', 'wind', 'rain', 'area']\n",
    "df=pandas.read_csv(filename, names=names, header=0)"
   ],
   "id": "f33c694e9d058687",
   "outputs": [],
   "execution_count": 44
  },
  {
   "metadata": {
    "ExecuteTime": {
     "end_time": "2026-01-18T15:33:46.477501Z",
     "start_time": "2026-01-18T15:33:46.475572Z"
    }
   },
   "cell_type": "code",
   "source": "print(df.shape)",
   "id": "f47c7141320cae1e",
   "outputs": [
    {
     "name": "stdout",
     "output_type": "stream",
     "text": [
      "(517, 13)\n"
     ]
    }
   ],
   "execution_count": 28
  },
  {
   "metadata": {
    "ExecuteTime": {
     "end_time": "2026-01-18T15:33:56.105485Z",
     "start_time": "2026-01-18T15:33:56.103277Z"
    }
   },
   "cell_type": "code",
   "source": "print(df.dtypes)",
   "id": "be8ea0d0c28df5fd",
   "outputs": [
    {
     "name": "stdout",
     "output_type": "stream",
     "text": [
      "X          int64\n",
      "Y          int64\n",
      "month     object\n",
      "day       object\n",
      "FFMC     float64\n",
      "DMC      float64\n",
      "DC       float64\n",
      "ISI      float64\n",
      "temp     float64\n",
      "RH         int64\n",
      "wind     float64\n",
      "rain     float64\n",
      "area     float64\n",
      "dtype: object\n"
     ]
    }
   ],
   "execution_count": 31
  },
  {
   "metadata": {
    "ExecuteTime": {
     "end_time": "2026-01-18T15:35:06.738332Z",
     "start_time": "2026-01-18T15:35:06.731794Z"
    }
   },
   "cell_type": "code",
   "source": [
    "df.head()\n",
    "\n",
    "# We see that there's non numerical types in month and day columns, so we need to handle this."
   ],
   "id": "ba42f03c4b87f93e",
   "outputs": [
    {
     "data": {
      "text/plain": [
       "   X  Y month  day  FFMC   DMC     DC  ISI  temp  RH  wind  rain  area\n",
       "0  7  5   mar  fri  86.2  26.2   94.3  5.1   8.2  51   6.7   0.0   0.0\n",
       "1  7  4   oct  tue  90.6  35.4  669.1  6.7  18.0  33   0.9   0.0   0.0\n",
       "2  7  4   oct  sat  90.6  43.7  686.9  6.7  14.6  33   1.3   0.0   0.0\n",
       "3  8  6   mar  fri  91.7  33.3   77.5  9.0   8.3  97   4.0   0.2   0.0\n",
       "4  8  6   mar  sun  89.3  51.3  102.2  9.6  11.4  99   1.8   0.0   0.0"
      ],
      "text/html": [
       "<div>\n",
       "<style scoped>\n",
       "    .dataframe tbody tr th:only-of-type {\n",
       "        vertical-align: middle;\n",
       "    }\n",
       "\n",
       "    .dataframe tbody tr th {\n",
       "        vertical-align: top;\n",
       "    }\n",
       "\n",
       "    .dataframe thead th {\n",
       "        text-align: right;\n",
       "    }\n",
       "</style>\n",
       "<table border=\"1\" class=\"dataframe\">\n",
       "  <thead>\n",
       "    <tr style=\"text-align: right;\">\n",
       "      <th></th>\n",
       "      <th>X</th>\n",
       "      <th>Y</th>\n",
       "      <th>month</th>\n",
       "      <th>day</th>\n",
       "      <th>FFMC</th>\n",
       "      <th>DMC</th>\n",
       "      <th>DC</th>\n",
       "      <th>ISI</th>\n",
       "      <th>temp</th>\n",
       "      <th>RH</th>\n",
       "      <th>wind</th>\n",
       "      <th>rain</th>\n",
       "      <th>area</th>\n",
       "    </tr>\n",
       "  </thead>\n",
       "  <tbody>\n",
       "    <tr>\n",
       "      <th>0</th>\n",
       "      <td>7</td>\n",
       "      <td>5</td>\n",
       "      <td>mar</td>\n",
       "      <td>fri</td>\n",
       "      <td>86.2</td>\n",
       "      <td>26.2</td>\n",
       "      <td>94.3</td>\n",
       "      <td>5.1</td>\n",
       "      <td>8.2</td>\n",
       "      <td>51</td>\n",
       "      <td>6.7</td>\n",
       "      <td>0.0</td>\n",
       "      <td>0.0</td>\n",
       "    </tr>\n",
       "    <tr>\n",
       "      <th>1</th>\n",
       "      <td>7</td>\n",
       "      <td>4</td>\n",
       "      <td>oct</td>\n",
       "      <td>tue</td>\n",
       "      <td>90.6</td>\n",
       "      <td>35.4</td>\n",
       "      <td>669.1</td>\n",
       "      <td>6.7</td>\n",
       "      <td>18.0</td>\n",
       "      <td>33</td>\n",
       "      <td>0.9</td>\n",
       "      <td>0.0</td>\n",
       "      <td>0.0</td>\n",
       "    </tr>\n",
       "    <tr>\n",
       "      <th>2</th>\n",
       "      <td>7</td>\n",
       "      <td>4</td>\n",
       "      <td>oct</td>\n",
       "      <td>sat</td>\n",
       "      <td>90.6</td>\n",
       "      <td>43.7</td>\n",
       "      <td>686.9</td>\n",
       "      <td>6.7</td>\n",
       "      <td>14.6</td>\n",
       "      <td>33</td>\n",
       "      <td>1.3</td>\n",
       "      <td>0.0</td>\n",
       "      <td>0.0</td>\n",
       "    </tr>\n",
       "    <tr>\n",
       "      <th>3</th>\n",
       "      <td>8</td>\n",
       "      <td>6</td>\n",
       "      <td>mar</td>\n",
       "      <td>fri</td>\n",
       "      <td>91.7</td>\n",
       "      <td>33.3</td>\n",
       "      <td>77.5</td>\n",
       "      <td>9.0</td>\n",
       "      <td>8.3</td>\n",
       "      <td>97</td>\n",
       "      <td>4.0</td>\n",
       "      <td>0.2</td>\n",
       "      <td>0.0</td>\n",
       "    </tr>\n",
       "    <tr>\n",
       "      <th>4</th>\n",
       "      <td>8</td>\n",
       "      <td>6</td>\n",
       "      <td>mar</td>\n",
       "      <td>sun</td>\n",
       "      <td>89.3</td>\n",
       "      <td>51.3</td>\n",
       "      <td>102.2</td>\n",
       "      <td>9.6</td>\n",
       "      <td>11.4</td>\n",
       "      <td>99</td>\n",
       "      <td>1.8</td>\n",
       "      <td>0.0</td>\n",
       "      <td>0.0</td>\n",
       "    </tr>\n",
       "  </tbody>\n",
       "</table>\n",
       "</div>"
      ]
     },
     "execution_count": 33,
     "metadata": {},
     "output_type": "execute_result"
    }
   ],
   "execution_count": 33
  },
  {
   "metadata": {
    "ExecuteTime": {
     "end_time": "2026-01-18T15:35:23.668231Z",
     "start_time": "2026-01-18T15:35:23.657053Z"
    }
   },
   "cell_type": "code",
   "source": [
    "df.describe()\n",
    "# With the 'count' We see that, there's no missing values\n",
    "# The 'mean' show us that the temp is 18, the temperature seems to be in celsius. Seems that in PT the avg temperature of 18 seems resoanable.\n",
    "# This description is only for numerical values."
   ],
   "id": "f0cf923c8061fab5",
   "outputs": [
    {
     "data": {
      "text/plain": [
       "                X           Y        FFMC         DMC          DC         ISI        temp          RH        wind        rain         area\n",
       "count  517.000000  517.000000  517.000000  517.000000  517.000000  517.000000  517.000000  517.000000  517.000000  517.000000   517.000000\n",
       "mean     4.669246    4.299807   90.644681  110.872340  547.940039    9.021663   18.889168   44.288201    4.017602    0.021663    12.847292\n",
       "std      2.313778    1.229900    5.520111   64.046482  248.066192    4.559477    5.806625   16.317469    1.791653    0.295959    63.655818\n",
       "min      1.000000    2.000000   18.700000    1.100000    7.900000    0.000000    2.200000   15.000000    0.400000    0.000000     0.000000\n",
       "25%      3.000000    4.000000   90.200000   68.600000  437.700000    6.500000   15.500000   33.000000    2.700000    0.000000     0.000000\n",
       "50%      4.000000    4.000000   91.600000  108.300000  664.200000    8.400000   19.300000   42.000000    4.000000    0.000000     0.520000\n",
       "75%      7.000000    5.000000   92.900000  142.400000  713.900000   10.800000   22.800000   53.000000    4.900000    0.000000     6.570000\n",
       "max      9.000000    9.000000   96.200000  291.300000  860.600000   56.100000   33.300000  100.000000    9.400000    6.400000  1090.840000"
      ],
      "text/html": [
       "<div>\n",
       "<style scoped>\n",
       "    .dataframe tbody tr th:only-of-type {\n",
       "        vertical-align: middle;\n",
       "    }\n",
       "\n",
       "    .dataframe tbody tr th {\n",
       "        vertical-align: top;\n",
       "    }\n",
       "\n",
       "    .dataframe thead th {\n",
       "        text-align: right;\n",
       "    }\n",
       "</style>\n",
       "<table border=\"1\" class=\"dataframe\">\n",
       "  <thead>\n",
       "    <tr style=\"text-align: right;\">\n",
       "      <th></th>\n",
       "      <th>X</th>\n",
       "      <th>Y</th>\n",
       "      <th>FFMC</th>\n",
       "      <th>DMC</th>\n",
       "      <th>DC</th>\n",
       "      <th>ISI</th>\n",
       "      <th>temp</th>\n",
       "      <th>RH</th>\n",
       "      <th>wind</th>\n",
       "      <th>rain</th>\n",
       "      <th>area</th>\n",
       "    </tr>\n",
       "  </thead>\n",
       "  <tbody>\n",
       "    <tr>\n",
       "      <th>count</th>\n",
       "      <td>517.000000</td>\n",
       "      <td>517.000000</td>\n",
       "      <td>517.000000</td>\n",
       "      <td>517.000000</td>\n",
       "      <td>517.000000</td>\n",
       "      <td>517.000000</td>\n",
       "      <td>517.000000</td>\n",
       "      <td>517.000000</td>\n",
       "      <td>517.000000</td>\n",
       "      <td>517.000000</td>\n",
       "      <td>517.000000</td>\n",
       "    </tr>\n",
       "    <tr>\n",
       "      <th>mean</th>\n",
       "      <td>4.669246</td>\n",
       "      <td>4.299807</td>\n",
       "      <td>90.644681</td>\n",
       "      <td>110.872340</td>\n",
       "      <td>547.940039</td>\n",
       "      <td>9.021663</td>\n",
       "      <td>18.889168</td>\n",
       "      <td>44.288201</td>\n",
       "      <td>4.017602</td>\n",
       "      <td>0.021663</td>\n",
       "      <td>12.847292</td>\n",
       "    </tr>\n",
       "    <tr>\n",
       "      <th>std</th>\n",
       "      <td>2.313778</td>\n",
       "      <td>1.229900</td>\n",
       "      <td>5.520111</td>\n",
       "      <td>64.046482</td>\n",
       "      <td>248.066192</td>\n",
       "      <td>4.559477</td>\n",
       "      <td>5.806625</td>\n",
       "      <td>16.317469</td>\n",
       "      <td>1.791653</td>\n",
       "      <td>0.295959</td>\n",
       "      <td>63.655818</td>\n",
       "    </tr>\n",
       "    <tr>\n",
       "      <th>min</th>\n",
       "      <td>1.000000</td>\n",
       "      <td>2.000000</td>\n",
       "      <td>18.700000</td>\n",
       "      <td>1.100000</td>\n",
       "      <td>7.900000</td>\n",
       "      <td>0.000000</td>\n",
       "      <td>2.200000</td>\n",
       "      <td>15.000000</td>\n",
       "      <td>0.400000</td>\n",
       "      <td>0.000000</td>\n",
       "      <td>0.000000</td>\n",
       "    </tr>\n",
       "    <tr>\n",
       "      <th>25%</th>\n",
       "      <td>3.000000</td>\n",
       "      <td>4.000000</td>\n",
       "      <td>90.200000</td>\n",
       "      <td>68.600000</td>\n",
       "      <td>437.700000</td>\n",
       "      <td>6.500000</td>\n",
       "      <td>15.500000</td>\n",
       "      <td>33.000000</td>\n",
       "      <td>2.700000</td>\n",
       "      <td>0.000000</td>\n",
       "      <td>0.000000</td>\n",
       "    </tr>\n",
       "    <tr>\n",
       "      <th>50%</th>\n",
       "      <td>4.000000</td>\n",
       "      <td>4.000000</td>\n",
       "      <td>91.600000</td>\n",
       "      <td>108.300000</td>\n",
       "      <td>664.200000</td>\n",
       "      <td>8.400000</td>\n",
       "      <td>19.300000</td>\n",
       "      <td>42.000000</td>\n",
       "      <td>4.000000</td>\n",
       "      <td>0.000000</td>\n",
       "      <td>0.520000</td>\n",
       "    </tr>\n",
       "    <tr>\n",
       "      <th>75%</th>\n",
       "      <td>7.000000</td>\n",
       "      <td>5.000000</td>\n",
       "      <td>92.900000</td>\n",
       "      <td>142.400000</td>\n",
       "      <td>713.900000</td>\n",
       "      <td>10.800000</td>\n",
       "      <td>22.800000</td>\n",
       "      <td>53.000000</td>\n",
       "      <td>4.900000</td>\n",
       "      <td>0.000000</td>\n",
       "      <td>6.570000</td>\n",
       "    </tr>\n",
       "    <tr>\n",
       "      <th>max</th>\n",
       "      <td>9.000000</td>\n",
       "      <td>9.000000</td>\n",
       "      <td>96.200000</td>\n",
       "      <td>291.300000</td>\n",
       "      <td>860.600000</td>\n",
       "      <td>56.100000</td>\n",
       "      <td>33.300000</td>\n",
       "      <td>100.000000</td>\n",
       "      <td>9.400000</td>\n",
       "      <td>6.400000</td>\n",
       "      <td>1090.840000</td>\n",
       "    </tr>\n",
       "  </tbody>\n",
       "</table>\n",
       "</div>"
      ]
     },
     "execution_count": 34,
     "metadata": {},
     "output_type": "execute_result"
    }
   ],
   "execution_count": 34
  },
  {
   "metadata": {
    "ExecuteTime": {
     "end_time": "2026-01-18T15:43:54.976596Z",
     "start_time": "2026-01-18T15:43:54.966554Z"
    }
   },
   "cell_type": "code",
   "source": "df.corr(method='pearson', numeric_only=True)",
   "id": "51fab8e36c4aa014",
   "outputs": [
    {
     "data": {
      "text/plain": [
       "             X         Y      FFMC       DMC        DC       ISI      temp        RH      wind      rain      area\n",
       "X     1.000000  0.539548 -0.021039 -0.048384 -0.085916  0.006210 -0.051258  0.085223  0.018798  0.065387  0.063385\n",
       "Y     0.539548  1.000000 -0.046308  0.007782 -0.101178 -0.024488 -0.024103  0.062221 -0.020341  0.033234  0.044873\n",
       "FFMC -0.021039 -0.046308  1.000000  0.382619  0.330512  0.531805  0.431532 -0.300995 -0.028485  0.056702  0.040122\n",
       "DMC  -0.048384  0.007782  0.382619  1.000000  0.682192  0.305128  0.469594  0.073795 -0.105342  0.074790  0.072994\n",
       "DC   -0.085916 -0.101178  0.330512  0.682192  1.000000  0.229154  0.496208 -0.039192 -0.203466  0.035861  0.049383\n",
       "ISI   0.006210 -0.024488  0.531805  0.305128  0.229154  1.000000  0.394287 -0.132517  0.106826  0.067668  0.008258\n",
       "temp -0.051258 -0.024103  0.431532  0.469594  0.496208  0.394287  1.000000 -0.527390 -0.227116  0.069491  0.097844\n",
       "RH    0.085223  0.062221 -0.300995  0.073795 -0.039192 -0.132517 -0.527390  1.000000  0.069410  0.099751 -0.075519\n",
       "wind  0.018798 -0.020341 -0.028485 -0.105342 -0.203466  0.106826 -0.227116  0.069410  1.000000  0.061119  0.012317\n",
       "rain  0.065387  0.033234  0.056702  0.074790  0.035861  0.067668  0.069491  0.099751  0.061119  1.000000 -0.007366\n",
       "area  0.063385  0.044873  0.040122  0.072994  0.049383  0.008258  0.097844 -0.075519  0.012317 -0.007366  1.000000"
      ],
      "text/html": [
       "<div>\n",
       "<style scoped>\n",
       "    .dataframe tbody tr th:only-of-type {\n",
       "        vertical-align: middle;\n",
       "    }\n",
       "\n",
       "    .dataframe tbody tr th {\n",
       "        vertical-align: top;\n",
       "    }\n",
       "\n",
       "    .dataframe thead th {\n",
       "        text-align: right;\n",
       "    }\n",
       "</style>\n",
       "<table border=\"1\" class=\"dataframe\">\n",
       "  <thead>\n",
       "    <tr style=\"text-align: right;\">\n",
       "      <th></th>\n",
       "      <th>X</th>\n",
       "      <th>Y</th>\n",
       "      <th>FFMC</th>\n",
       "      <th>DMC</th>\n",
       "      <th>DC</th>\n",
       "      <th>ISI</th>\n",
       "      <th>temp</th>\n",
       "      <th>RH</th>\n",
       "      <th>wind</th>\n",
       "      <th>rain</th>\n",
       "      <th>area</th>\n",
       "    </tr>\n",
       "  </thead>\n",
       "  <tbody>\n",
       "    <tr>\n",
       "      <th>X</th>\n",
       "      <td>1.000000</td>\n",
       "      <td>0.539548</td>\n",
       "      <td>-0.021039</td>\n",
       "      <td>-0.048384</td>\n",
       "      <td>-0.085916</td>\n",
       "      <td>0.006210</td>\n",
       "      <td>-0.051258</td>\n",
       "      <td>0.085223</td>\n",
       "      <td>0.018798</td>\n",
       "      <td>0.065387</td>\n",
       "      <td>0.063385</td>\n",
       "    </tr>\n",
       "    <tr>\n",
       "      <th>Y</th>\n",
       "      <td>0.539548</td>\n",
       "      <td>1.000000</td>\n",
       "      <td>-0.046308</td>\n",
       "      <td>0.007782</td>\n",
       "      <td>-0.101178</td>\n",
       "      <td>-0.024488</td>\n",
       "      <td>-0.024103</td>\n",
       "      <td>0.062221</td>\n",
       "      <td>-0.020341</td>\n",
       "      <td>0.033234</td>\n",
       "      <td>0.044873</td>\n",
       "    </tr>\n",
       "    <tr>\n",
       "      <th>FFMC</th>\n",
       "      <td>-0.021039</td>\n",
       "      <td>-0.046308</td>\n",
       "      <td>1.000000</td>\n",
       "      <td>0.382619</td>\n",
       "      <td>0.330512</td>\n",
       "      <td>0.531805</td>\n",
       "      <td>0.431532</td>\n",
       "      <td>-0.300995</td>\n",
       "      <td>-0.028485</td>\n",
       "      <td>0.056702</td>\n",
       "      <td>0.040122</td>\n",
       "    </tr>\n",
       "    <tr>\n",
       "      <th>DMC</th>\n",
       "      <td>-0.048384</td>\n",
       "      <td>0.007782</td>\n",
       "      <td>0.382619</td>\n",
       "      <td>1.000000</td>\n",
       "      <td>0.682192</td>\n",
       "      <td>0.305128</td>\n",
       "      <td>0.469594</td>\n",
       "      <td>0.073795</td>\n",
       "      <td>-0.105342</td>\n",
       "      <td>0.074790</td>\n",
       "      <td>0.072994</td>\n",
       "    </tr>\n",
       "    <tr>\n",
       "      <th>DC</th>\n",
       "      <td>-0.085916</td>\n",
       "      <td>-0.101178</td>\n",
       "      <td>0.330512</td>\n",
       "      <td>0.682192</td>\n",
       "      <td>1.000000</td>\n",
       "      <td>0.229154</td>\n",
       "      <td>0.496208</td>\n",
       "      <td>-0.039192</td>\n",
       "      <td>-0.203466</td>\n",
       "      <td>0.035861</td>\n",
       "      <td>0.049383</td>\n",
       "    </tr>\n",
       "    <tr>\n",
       "      <th>ISI</th>\n",
       "      <td>0.006210</td>\n",
       "      <td>-0.024488</td>\n",
       "      <td>0.531805</td>\n",
       "      <td>0.305128</td>\n",
       "      <td>0.229154</td>\n",
       "      <td>1.000000</td>\n",
       "      <td>0.394287</td>\n",
       "      <td>-0.132517</td>\n",
       "      <td>0.106826</td>\n",
       "      <td>0.067668</td>\n",
       "      <td>0.008258</td>\n",
       "    </tr>\n",
       "    <tr>\n",
       "      <th>temp</th>\n",
       "      <td>-0.051258</td>\n",
       "      <td>-0.024103</td>\n",
       "      <td>0.431532</td>\n",
       "      <td>0.469594</td>\n",
       "      <td>0.496208</td>\n",
       "      <td>0.394287</td>\n",
       "      <td>1.000000</td>\n",
       "      <td>-0.527390</td>\n",
       "      <td>-0.227116</td>\n",
       "      <td>0.069491</td>\n",
       "      <td>0.097844</td>\n",
       "    </tr>\n",
       "    <tr>\n",
       "      <th>RH</th>\n",
       "      <td>0.085223</td>\n",
       "      <td>0.062221</td>\n",
       "      <td>-0.300995</td>\n",
       "      <td>0.073795</td>\n",
       "      <td>-0.039192</td>\n",
       "      <td>-0.132517</td>\n",
       "      <td>-0.527390</td>\n",
       "      <td>1.000000</td>\n",
       "      <td>0.069410</td>\n",
       "      <td>0.099751</td>\n",
       "      <td>-0.075519</td>\n",
       "    </tr>\n",
       "    <tr>\n",
       "      <th>wind</th>\n",
       "      <td>0.018798</td>\n",
       "      <td>-0.020341</td>\n",
       "      <td>-0.028485</td>\n",
       "      <td>-0.105342</td>\n",
       "      <td>-0.203466</td>\n",
       "      <td>0.106826</td>\n",
       "      <td>-0.227116</td>\n",
       "      <td>0.069410</td>\n",
       "      <td>1.000000</td>\n",
       "      <td>0.061119</td>\n",
       "      <td>0.012317</td>\n",
       "    </tr>\n",
       "    <tr>\n",
       "      <th>rain</th>\n",
       "      <td>0.065387</td>\n",
       "      <td>0.033234</td>\n",
       "      <td>0.056702</td>\n",
       "      <td>0.074790</td>\n",
       "      <td>0.035861</td>\n",
       "      <td>0.067668</td>\n",
       "      <td>0.069491</td>\n",
       "      <td>0.099751</td>\n",
       "      <td>0.061119</td>\n",
       "      <td>1.000000</td>\n",
       "      <td>-0.007366</td>\n",
       "    </tr>\n",
       "    <tr>\n",
       "      <th>area</th>\n",
       "      <td>0.063385</td>\n",
       "      <td>0.044873</td>\n",
       "      <td>0.040122</td>\n",
       "      <td>0.072994</td>\n",
       "      <td>0.049383</td>\n",
       "      <td>0.008258</td>\n",
       "      <td>0.097844</td>\n",
       "      <td>-0.075519</td>\n",
       "      <td>0.012317</td>\n",
       "      <td>-0.007366</td>\n",
       "      <td>1.000000</td>\n",
       "    </tr>\n",
       "  </tbody>\n",
       "</table>\n",
       "</div>"
      ]
     },
     "execution_count": 37,
     "metadata": {},
     "output_type": "execute_result"
    }
   ],
   "execution_count": 37
  },
  {
   "metadata": {
    "ExecuteTime": {
     "end_time": "2026-01-18T15:48:57.384384Z",
     "start_time": "2026-01-18T15:48:57.377956Z"
    }
   },
   "cell_type": "code",
   "source": "df.head()",
   "id": "8f865266af2dcf0f",
   "outputs": [
    {
     "data": {
      "text/plain": [
       "   X  Y month  day  FFMC   DMC     DC  ISI  temp  RH  wind  rain  area\n",
       "0  7  5   mar  fri  86.2  26.2   94.3  5.1   8.2  51   6.7   0.0   0.0\n",
       "1  7  4   oct  tue  90.6  35.4  669.1  6.7  18.0  33   0.9   0.0   0.0\n",
       "2  7  4   oct  sat  90.6  43.7  686.9  6.7  14.6  33   1.3   0.0   0.0\n",
       "3  8  6   mar  fri  91.7  33.3   77.5  9.0   8.3  97   4.0   0.2   0.0\n",
       "4  8  6   mar  sun  89.3  51.3  102.2  9.6  11.4  99   1.8   0.0   0.0"
      ],
      "text/html": [
       "<div>\n",
       "<style scoped>\n",
       "    .dataframe tbody tr th:only-of-type {\n",
       "        vertical-align: middle;\n",
       "    }\n",
       "\n",
       "    .dataframe tbody tr th {\n",
       "        vertical-align: top;\n",
       "    }\n",
       "\n",
       "    .dataframe thead th {\n",
       "        text-align: right;\n",
       "    }\n",
       "</style>\n",
       "<table border=\"1\" class=\"dataframe\">\n",
       "  <thead>\n",
       "    <tr style=\"text-align: right;\">\n",
       "      <th></th>\n",
       "      <th>X</th>\n",
       "      <th>Y</th>\n",
       "      <th>month</th>\n",
       "      <th>day</th>\n",
       "      <th>FFMC</th>\n",
       "      <th>DMC</th>\n",
       "      <th>DC</th>\n",
       "      <th>ISI</th>\n",
       "      <th>temp</th>\n",
       "      <th>RH</th>\n",
       "      <th>wind</th>\n",
       "      <th>rain</th>\n",
       "      <th>area</th>\n",
       "    </tr>\n",
       "  </thead>\n",
       "  <tbody>\n",
       "    <tr>\n",
       "      <th>0</th>\n",
       "      <td>7</td>\n",
       "      <td>5</td>\n",
       "      <td>mar</td>\n",
       "      <td>fri</td>\n",
       "      <td>86.2</td>\n",
       "      <td>26.2</td>\n",
       "      <td>94.3</td>\n",
       "      <td>5.1</td>\n",
       "      <td>8.2</td>\n",
       "      <td>51</td>\n",
       "      <td>6.7</td>\n",
       "      <td>0.0</td>\n",
       "      <td>0.0</td>\n",
       "    </tr>\n",
       "    <tr>\n",
       "      <th>1</th>\n",
       "      <td>7</td>\n",
       "      <td>4</td>\n",
       "      <td>oct</td>\n",
       "      <td>tue</td>\n",
       "      <td>90.6</td>\n",
       "      <td>35.4</td>\n",
       "      <td>669.1</td>\n",
       "      <td>6.7</td>\n",
       "      <td>18.0</td>\n",
       "      <td>33</td>\n",
       "      <td>0.9</td>\n",
       "      <td>0.0</td>\n",
       "      <td>0.0</td>\n",
       "    </tr>\n",
       "    <tr>\n",
       "      <th>2</th>\n",
       "      <td>7</td>\n",
       "      <td>4</td>\n",
       "      <td>oct</td>\n",
       "      <td>sat</td>\n",
       "      <td>90.6</td>\n",
       "      <td>43.7</td>\n",
       "      <td>686.9</td>\n",
       "      <td>6.7</td>\n",
       "      <td>14.6</td>\n",
       "      <td>33</td>\n",
       "      <td>1.3</td>\n",
       "      <td>0.0</td>\n",
       "      <td>0.0</td>\n",
       "    </tr>\n",
       "    <tr>\n",
       "      <th>3</th>\n",
       "      <td>8</td>\n",
       "      <td>6</td>\n",
       "      <td>mar</td>\n",
       "      <td>fri</td>\n",
       "      <td>91.7</td>\n",
       "      <td>33.3</td>\n",
       "      <td>77.5</td>\n",
       "      <td>9.0</td>\n",
       "      <td>8.3</td>\n",
       "      <td>97</td>\n",
       "      <td>4.0</td>\n",
       "      <td>0.2</td>\n",
       "      <td>0.0</td>\n",
       "    </tr>\n",
       "    <tr>\n",
       "      <th>4</th>\n",
       "      <td>8</td>\n",
       "      <td>6</td>\n",
       "      <td>mar</td>\n",
       "      <td>sun</td>\n",
       "      <td>89.3</td>\n",
       "      <td>51.3</td>\n",
       "      <td>102.2</td>\n",
       "      <td>9.6</td>\n",
       "      <td>11.4</td>\n",
       "      <td>99</td>\n",
       "      <td>1.8</td>\n",
       "      <td>0.0</td>\n",
       "      <td>0.0</td>\n",
       "    </tr>\n",
       "  </tbody>\n",
       "</table>\n",
       "</div>"
      ]
     },
     "execution_count": 38,
     "metadata": {},
     "output_type": "execute_result"
    }
   ],
   "execution_count": 38
  },
  {
   "metadata": {
    "ExecuteTime": {
     "end_time": "2026-01-18T15:54:31.488109Z",
     "start_time": "2026-01-18T15:54:31.485895Z"
    }
   },
   "cell_type": "code",
   "source": [
    "df['month'] = df['month'].replace(('jan', 'feb', 'mar', 'apr', 'may', 'jun', 'jul', 'aug', 'sep', 'oct', 'nov', 'dec'), (1, 2, 3, 4, 5, 6, 7, 8, 9, 10, 11, 12))\n",
    "df['day'] = df['day'].replace(('mon', 'tue', 'wed', 'thu', 'fri', 'sat', 'sun'), (1, 2, 3, 4, 5, 6, 7))"
   ],
   "id": "39c5f33add0c33cd",
   "outputs": [],
   "execution_count": 41
  },
  {
   "metadata": {
    "ExecuteTime": {
     "end_time": "2026-01-18T15:54:38.968556Z",
     "start_time": "2026-01-18T15:54:38.963005Z"
    }
   },
   "cell_type": "code",
   "source": "df.head()",
   "id": "2864408cf403e629",
   "outputs": [
    {
     "data": {
      "text/plain": [
       "   X  Y  month  day  FFMC   DMC     DC  ISI  temp  RH  wind  rain  area\n",
       "0  7  5      3    5  86.2  26.2   94.3  5.1   8.2  51   6.7   0.0   0.0\n",
       "1  7  4     10    2  90.6  35.4  669.1  6.7  18.0  33   0.9   0.0   0.0\n",
       "2  7  4     10    6  90.6  43.7  686.9  6.7  14.6  33   1.3   0.0   0.0\n",
       "3  8  6      3    5  91.7  33.3   77.5  9.0   8.3  97   4.0   0.2   0.0\n",
       "4  8  6      3    7  89.3  51.3  102.2  9.6  11.4  99   1.8   0.0   0.0"
      ],
      "text/html": [
       "<div>\n",
       "<style scoped>\n",
       "    .dataframe tbody tr th:only-of-type {\n",
       "        vertical-align: middle;\n",
       "    }\n",
       "\n",
       "    .dataframe tbody tr th {\n",
       "        vertical-align: top;\n",
       "    }\n",
       "\n",
       "    .dataframe thead th {\n",
       "        text-align: right;\n",
       "    }\n",
       "</style>\n",
       "<table border=\"1\" class=\"dataframe\">\n",
       "  <thead>\n",
       "    <tr style=\"text-align: right;\">\n",
       "      <th></th>\n",
       "      <th>X</th>\n",
       "      <th>Y</th>\n",
       "      <th>month</th>\n",
       "      <th>day</th>\n",
       "      <th>FFMC</th>\n",
       "      <th>DMC</th>\n",
       "      <th>DC</th>\n",
       "      <th>ISI</th>\n",
       "      <th>temp</th>\n",
       "      <th>RH</th>\n",
       "      <th>wind</th>\n",
       "      <th>rain</th>\n",
       "      <th>area</th>\n",
       "    </tr>\n",
       "  </thead>\n",
       "  <tbody>\n",
       "    <tr>\n",
       "      <th>0</th>\n",
       "      <td>7</td>\n",
       "      <td>5</td>\n",
       "      <td>3</td>\n",
       "      <td>5</td>\n",
       "      <td>86.2</td>\n",
       "      <td>26.2</td>\n",
       "      <td>94.3</td>\n",
       "      <td>5.1</td>\n",
       "      <td>8.2</td>\n",
       "      <td>51</td>\n",
       "      <td>6.7</td>\n",
       "      <td>0.0</td>\n",
       "      <td>0.0</td>\n",
       "    </tr>\n",
       "    <tr>\n",
       "      <th>1</th>\n",
       "      <td>7</td>\n",
       "      <td>4</td>\n",
       "      <td>10</td>\n",
       "      <td>2</td>\n",
       "      <td>90.6</td>\n",
       "      <td>35.4</td>\n",
       "      <td>669.1</td>\n",
       "      <td>6.7</td>\n",
       "      <td>18.0</td>\n",
       "      <td>33</td>\n",
       "      <td>0.9</td>\n",
       "      <td>0.0</td>\n",
       "      <td>0.0</td>\n",
       "    </tr>\n",
       "    <tr>\n",
       "      <th>2</th>\n",
       "      <td>7</td>\n",
       "      <td>4</td>\n",
       "      <td>10</td>\n",
       "      <td>6</td>\n",
       "      <td>90.6</td>\n",
       "      <td>43.7</td>\n",
       "      <td>686.9</td>\n",
       "      <td>6.7</td>\n",
       "      <td>14.6</td>\n",
       "      <td>33</td>\n",
       "      <td>1.3</td>\n",
       "      <td>0.0</td>\n",
       "      <td>0.0</td>\n",
       "    </tr>\n",
       "    <tr>\n",
       "      <th>3</th>\n",
       "      <td>8</td>\n",
       "      <td>6</td>\n",
       "      <td>3</td>\n",
       "      <td>5</td>\n",
       "      <td>91.7</td>\n",
       "      <td>33.3</td>\n",
       "      <td>77.5</td>\n",
       "      <td>9.0</td>\n",
       "      <td>8.3</td>\n",
       "      <td>97</td>\n",
       "      <td>4.0</td>\n",
       "      <td>0.2</td>\n",
       "      <td>0.0</td>\n",
       "    </tr>\n",
       "    <tr>\n",
       "      <th>4</th>\n",
       "      <td>8</td>\n",
       "      <td>6</td>\n",
       "      <td>3</td>\n",
       "      <td>7</td>\n",
       "      <td>89.3</td>\n",
       "      <td>51.3</td>\n",
       "      <td>102.2</td>\n",
       "      <td>9.6</td>\n",
       "      <td>11.4</td>\n",
       "      <td>99</td>\n",
       "      <td>1.8</td>\n",
       "      <td>0.0</td>\n",
       "      <td>0.0</td>\n",
       "    </tr>\n",
       "  </tbody>\n",
       "</table>\n",
       "</div>"
      ]
     },
     "execution_count": 42,
     "metadata": {},
     "output_type": "execute_result"
    }
   ],
   "execution_count": 42
  },
  {
   "metadata": {
    "ExecuteTime": {
     "end_time": "2026-01-18T15:55:00.382719Z",
     "start_time": "2026-01-18T15:55:00.376125Z"
    }
   },
   "cell_type": "code",
   "source": "df.corr(method='pearson', numeric_only=True)",
   "id": "3915e5cf3e108459",
   "outputs": [
    {
     "data": {
      "text/plain": [
       "              X         Y     month       day      FFMC       DMC        DC       ISI      temp        RH      wind      rain      area\n",
       "X      1.000000  0.539548 -0.065003 -0.024922 -0.021039 -0.048384 -0.085916  0.006210 -0.051258  0.085223  0.018798  0.065387  0.063385\n",
       "Y      0.539548  1.000000 -0.066292 -0.005453 -0.046308  0.007782 -0.101178 -0.024488 -0.024103  0.062221 -0.020341  0.033234  0.044873\n",
       "month -0.065003 -0.066292  1.000000 -0.050837  0.291477  0.466645  0.868698  0.186597  0.368842 -0.095280 -0.086368  0.013438  0.056496\n",
       "day   -0.024922 -0.005453 -0.050837  1.000000 -0.041068  0.062870  0.000105  0.032909  0.052190  0.092151  0.032478 -0.048340  0.023226\n",
       "FFMC  -0.021039 -0.046308  0.291477 -0.041068  1.000000  0.382619  0.330512  0.531805  0.431532 -0.300995 -0.028485  0.056702  0.040122\n",
       "DMC   -0.048384  0.007782  0.466645  0.062870  0.382619  1.000000  0.682192  0.305128  0.469594  0.073795 -0.105342  0.074790  0.072994\n",
       "DC    -0.085916 -0.101178  0.868698  0.000105  0.330512  0.682192  1.000000  0.229154  0.496208 -0.039192 -0.203466  0.035861  0.049383\n",
       "ISI    0.006210 -0.024488  0.186597  0.032909  0.531805  0.305128  0.229154  1.000000  0.394287 -0.132517  0.106826  0.067668  0.008258\n",
       "temp  -0.051258 -0.024103  0.368842  0.052190  0.431532  0.469594  0.496208  0.394287  1.000000 -0.527390 -0.227116  0.069491  0.097844\n",
       "RH     0.085223  0.062221 -0.095280  0.092151 -0.300995  0.073795 -0.039192 -0.132517 -0.527390  1.000000  0.069410  0.099751 -0.075519\n",
       "wind   0.018798 -0.020341 -0.086368  0.032478 -0.028485 -0.105342 -0.203466  0.106826 -0.227116  0.069410  1.000000  0.061119  0.012317\n",
       "rain   0.065387  0.033234  0.013438 -0.048340  0.056702  0.074790  0.035861  0.067668  0.069491  0.099751  0.061119  1.000000 -0.007366\n",
       "area   0.063385  0.044873  0.056496  0.023226  0.040122  0.072994  0.049383  0.008258  0.097844 -0.075519  0.012317 -0.007366  1.000000"
      ],
      "text/html": [
       "<div>\n",
       "<style scoped>\n",
       "    .dataframe tbody tr th:only-of-type {\n",
       "        vertical-align: middle;\n",
       "    }\n",
       "\n",
       "    .dataframe tbody tr th {\n",
       "        vertical-align: top;\n",
       "    }\n",
       "\n",
       "    .dataframe thead th {\n",
       "        text-align: right;\n",
       "    }\n",
       "</style>\n",
       "<table border=\"1\" class=\"dataframe\">\n",
       "  <thead>\n",
       "    <tr style=\"text-align: right;\">\n",
       "      <th></th>\n",
       "      <th>X</th>\n",
       "      <th>Y</th>\n",
       "      <th>month</th>\n",
       "      <th>day</th>\n",
       "      <th>FFMC</th>\n",
       "      <th>DMC</th>\n",
       "      <th>DC</th>\n",
       "      <th>ISI</th>\n",
       "      <th>temp</th>\n",
       "      <th>RH</th>\n",
       "      <th>wind</th>\n",
       "      <th>rain</th>\n",
       "      <th>area</th>\n",
       "    </tr>\n",
       "  </thead>\n",
       "  <tbody>\n",
       "    <tr>\n",
       "      <th>X</th>\n",
       "      <td>1.000000</td>\n",
       "      <td>0.539548</td>\n",
       "      <td>-0.065003</td>\n",
       "      <td>-0.024922</td>\n",
       "      <td>-0.021039</td>\n",
       "      <td>-0.048384</td>\n",
       "      <td>-0.085916</td>\n",
       "      <td>0.006210</td>\n",
       "      <td>-0.051258</td>\n",
       "      <td>0.085223</td>\n",
       "      <td>0.018798</td>\n",
       "      <td>0.065387</td>\n",
       "      <td>0.063385</td>\n",
       "    </tr>\n",
       "    <tr>\n",
       "      <th>Y</th>\n",
       "      <td>0.539548</td>\n",
       "      <td>1.000000</td>\n",
       "      <td>-0.066292</td>\n",
       "      <td>-0.005453</td>\n",
       "      <td>-0.046308</td>\n",
       "      <td>0.007782</td>\n",
       "      <td>-0.101178</td>\n",
       "      <td>-0.024488</td>\n",
       "      <td>-0.024103</td>\n",
       "      <td>0.062221</td>\n",
       "      <td>-0.020341</td>\n",
       "      <td>0.033234</td>\n",
       "      <td>0.044873</td>\n",
       "    </tr>\n",
       "    <tr>\n",
       "      <th>month</th>\n",
       "      <td>-0.065003</td>\n",
       "      <td>-0.066292</td>\n",
       "      <td>1.000000</td>\n",
       "      <td>-0.050837</td>\n",
       "      <td>0.291477</td>\n",
       "      <td>0.466645</td>\n",
       "      <td>0.868698</td>\n",
       "      <td>0.186597</td>\n",
       "      <td>0.368842</td>\n",
       "      <td>-0.095280</td>\n",
       "      <td>-0.086368</td>\n",
       "      <td>0.013438</td>\n",
       "      <td>0.056496</td>\n",
       "    </tr>\n",
       "    <tr>\n",
       "      <th>day</th>\n",
       "      <td>-0.024922</td>\n",
       "      <td>-0.005453</td>\n",
       "      <td>-0.050837</td>\n",
       "      <td>1.000000</td>\n",
       "      <td>-0.041068</td>\n",
       "      <td>0.062870</td>\n",
       "      <td>0.000105</td>\n",
       "      <td>0.032909</td>\n",
       "      <td>0.052190</td>\n",
       "      <td>0.092151</td>\n",
       "      <td>0.032478</td>\n",
       "      <td>-0.048340</td>\n",
       "      <td>0.023226</td>\n",
       "    </tr>\n",
       "    <tr>\n",
       "      <th>FFMC</th>\n",
       "      <td>-0.021039</td>\n",
       "      <td>-0.046308</td>\n",
       "      <td>0.291477</td>\n",
       "      <td>-0.041068</td>\n",
       "      <td>1.000000</td>\n",
       "      <td>0.382619</td>\n",
       "      <td>0.330512</td>\n",
       "      <td>0.531805</td>\n",
       "      <td>0.431532</td>\n",
       "      <td>-0.300995</td>\n",
       "      <td>-0.028485</td>\n",
       "      <td>0.056702</td>\n",
       "      <td>0.040122</td>\n",
       "    </tr>\n",
       "    <tr>\n",
       "      <th>DMC</th>\n",
       "      <td>-0.048384</td>\n",
       "      <td>0.007782</td>\n",
       "      <td>0.466645</td>\n",
       "      <td>0.062870</td>\n",
       "      <td>0.382619</td>\n",
       "      <td>1.000000</td>\n",
       "      <td>0.682192</td>\n",
       "      <td>0.305128</td>\n",
       "      <td>0.469594</td>\n",
       "      <td>0.073795</td>\n",
       "      <td>-0.105342</td>\n",
       "      <td>0.074790</td>\n",
       "      <td>0.072994</td>\n",
       "    </tr>\n",
       "    <tr>\n",
       "      <th>DC</th>\n",
       "      <td>-0.085916</td>\n",
       "      <td>-0.101178</td>\n",
       "      <td>0.868698</td>\n",
       "      <td>0.000105</td>\n",
       "      <td>0.330512</td>\n",
       "      <td>0.682192</td>\n",
       "      <td>1.000000</td>\n",
       "      <td>0.229154</td>\n",
       "      <td>0.496208</td>\n",
       "      <td>-0.039192</td>\n",
       "      <td>-0.203466</td>\n",
       "      <td>0.035861</td>\n",
       "      <td>0.049383</td>\n",
       "    </tr>\n",
       "    <tr>\n",
       "      <th>ISI</th>\n",
       "      <td>0.006210</td>\n",
       "      <td>-0.024488</td>\n",
       "      <td>0.186597</td>\n",
       "      <td>0.032909</td>\n",
       "      <td>0.531805</td>\n",
       "      <td>0.305128</td>\n",
       "      <td>0.229154</td>\n",
       "      <td>1.000000</td>\n",
       "      <td>0.394287</td>\n",
       "      <td>-0.132517</td>\n",
       "      <td>0.106826</td>\n",
       "      <td>0.067668</td>\n",
       "      <td>0.008258</td>\n",
       "    </tr>\n",
       "    <tr>\n",
       "      <th>temp</th>\n",
       "      <td>-0.051258</td>\n",
       "      <td>-0.024103</td>\n",
       "      <td>0.368842</td>\n",
       "      <td>0.052190</td>\n",
       "      <td>0.431532</td>\n",
       "      <td>0.469594</td>\n",
